18518 8370 2370
5079 2112 570
2891 1198 73
6891 2949 929
4458 3207 2425
10387 5574 966
5554 2240 895
4031 3451 1700
5474 2147 233
7111 2314 4544
6561 1986 5667
6191 2420 623
3998 1743 1939
5381 1794 1239
4358 2165 509
5677 2389 418
5671 2751 1047
2881 1105 1019
5056 2264 1428
3820 1554 2706
3303 1283 1364
3523 1730 1467
12150 5321 257
14365 5800 4865
5936 2839 529
13753 4181 700
5626 2352 316
5457 1716 1748
5999 2916 1420
5975 2863 236
6788 2817 209
9354 5496 2121
5178 1794 9068
5419 2422 4859
6397 2306 2538
10795 6771 2861
6511 2936 385
5778 2502 3356
6695 2658 482
4598 2452 148
10416 4335 1540
4932 2087 2895
5026 2319 3914
10268 2468 3018
4909 2656 2568
7802 2918 2722
10626 4526 2525
7377 3351 243
4929 2026 9187
7044 2785 42028
5371 2800 283
