0
0
0
0
0
0
0
0
0
0
0
0
0
0
0
0
0
0
1
0
0
8
9
12
14
5
2
3
2
18
17
27
25
50
22
33
51
35
33
25
57
42
70
46
93
47
104
128
164
112
100
26
109
95
108
41
30
29
36
33
32
29
35
24
30
34
43
32
24
32
37
37
50
59
77
61
98
309
497
633
218
112
62
66
69
37
42
35
27
30
37
35
28
19
34
51
21
23
21
38
22
40
41
37
43
41
28
49
38
30
49
23
20
26
20
15
13
11
20
16
13
12
15
8
17
24
20
13
8
10
17
18
22
18
11
10
13
19
18
16
22
10
14
12
7
6
7
11
11
8
6
6
6
8
12
17
7
8
10
9
5
6
7
7
4
4
14
10
11
15
7
5
5
5
9
0
5
8
3
5
6
2
3
4
7
5
7
1
3
2
6
9
4
2
7
4
5
3
7
3
7
6
6
5
3
6
2
3
4
3
4
2
1
5
3
4
4
1
1
6
3
2
2
2
4
5
7
4
1
4
6
3
2
3
4
3
1
2
2
4
5
1
4
2
0
4
4
1
2
2
2
1
0
0
2
4
3
4
4
8
3
5
0
5
2
1
1
7
1
0
0
1
1
2
3
6
0
1
4
1
2
1
1
1
3
0
1
3
1
3
3
2
3
2
2
2
1
0
0
1
0
1
0
1
1
3
3
5
0
0
1
1
2
3
1
1
0
2
1
0
1
1
2
0
1
1
0
3
0
2
1
1
0
3
1
2
1
1
1
3
0
1
1
0
0
1
1
6
0
4
1
1
0
0
2
0
1
0
2
0
1
2
0
1
0
0
2
0
1
1
0
1
0
0
2
1
1
1
1
1
0
3
0
0
0
0
1
0
0
0
0
2
0
0
2
0
1
0
0
0
0
0
0
1
0
1
0
0
2
2
1
0
1
0
0
0
0
1
0
1
0
0
1
1
0
0
1
0
1
0
0
0
0
1
0
0
0
1
1
0
0
0
0
1
0
0
0
1
0
0
0
0
0
0
0
2
0
1
0
0
0
0
1
0
0
0
1
0
0
1
1
1
0
0
0
0
0
0
0
0
0
0
0
0
1
1
0
0
0
1
0
1
0
0
0
0
0
0
0
0
1
1
0
0
0
0
0
0
0
0
0
0
0
0
1
0
0
0
0
0
0
0
1
0
0
1
0
0
0
1
0
0
1
1
0
0
0
0
0
0
1
0
1
0
0
0
0
0
0
0
0
0
0
0
0
0
0
0
0
0
0
0
0
0
0
0
0
0
0
0
0
0
0
0
0
0
0
0
0
0
0
0
0
0
0
0
0
0
0
0
0
1
0
0
0
0
0
0
0
0
0
0
0
0
0
0
0
0
0
0
0
0
0
0
0
0
1
0
0
0
0
0
0
0
0
0
0
2
0
0
0
0
0
0
0
0
0
0
0
0
0
0
0
0
0
0
1
1
0
0
0
0
0
0
0
0
0
0
0
0
0
0
0
0
0
0
0
0
0
0
0
0
0
0
0
0
0
0
0
0
0
0
0
0
0
0
0
0
0
0
0
0
0
0
0
0
1
0
0
0
0
0
0
1
0
0
0
0
0
0
0
0
0
0
0
0
0
0
0
0
0
0
0
0
0
0
0
0
1
0
0
0
0
0
0
0
0
0
0
0
0
1
0
0
0
0
0
0
0
0
0
0
0
0
0
0
0
0
0
0
0
0
0
0
0
0
0
0
0
0
0
0
0
0
0
0
0
0
0
0
0
0
0
0
0
0
0
0
0
0
0
0
0
0
0
0
0
0
0
0
0
0
0
0
0
0
0
0
0
0
0
0
0
0
0
0
0
0
0
0
0
0
0
0
0
0
0
0
0
0
0
0
0
0
0
0
0
0
0
0
0
0
0
0
0
0
1
0
0
0
0
0
0
0
0
0
0
0
0
0
0
0
0
0
0
0
0
0
0
0
0
0
0
0
0
0
0
0
0
0
0
0
0
0
0
0
0
0
0
0
0
0
0
0
0
0
0
0
0
0
0
0
0
0
0
0
0
0
0
0
0
0
0
0
0
0
0
0
0
0
0
0
0
0
0
0
0
0
0
0
0
0
0
0
0
0
0
0
0
0
0
0
0
0
0
0
0
0
0
0
0
0
0
0
0
0
0
0
0
0
0
0
0
0
0
0
0
0
0
0
0
0
0
0
0
0
0
0
0
0
0
0
0
0
0
0
0
0
0
0
0
0
0
0
0
0
0
0
0
0
0
0
0
0
0
0
0
0
0
0
0
0
0
0
0
0
0
0
0
0
0
0
0
0
0
0
0
0
0
0
0
0
0
0
0
0
0
0
0
0
0
0
0
0
0
0
0
0
0
0
0
0
0
0
0
0
0
0
0
0
0
2
