19129 8614 1515
4965 2272 524
2918 1172 72
6965 2859 945
5475 2400 2215
10292 4967 1668
5351 2473 865
5269 2071 1842
5283 2309 262
6232 3213 4524
6260 2825 5129
5862 2539 833
4001 1605 2074
5426 1838 1150
4768 1835 429
5581 2450 453
5615 2805 1049
2790 1221 994
5491 1884 1373
3550 1527 3003
3224 1372 1354
3949 1340 1431
11544 5968 216
13324 5974 5732
6456 2348 500
11705 5194 1735
5573 2387 334
4146 2361 2414
6428 2595 1312
6413 2425 236
6812 2737 265
10870 3827 2274
4763 2009 9268
5499 2357 4844
5950 2598 2693
14696 4555 1176
7140 2429 263
5942 2390 3304
6486 2840 509
4764 2269 165
10465 4227 1599
4967 2280 2667
5044 2141 4074
10350 1908 3496
5862 2077 2194
6801 3404 3237
10566 3780 3331
7445 3252 274
4479 1967 9696
6363 3110 42384
5681 2467 306
