408
394
322
156
129
245
158
136
358
190
438
529
647
259
78
273
255
246
114
180
501
158
274
457
259
242
200
162
177
230
152
213
142
311
226
227
347
317
143
257
104
146
281
330
333
469
254
211
419
121
294
82
221
178
525
267
409
275
455
143
214
381
321
405
201
130
128
256
338
412
278
304
410
219
219
489
306
96
369
339
163
115
245
188
381
396
347
347
540
141
275
267
258
275
78
184
122
77
386
176
305
462
423
347
263
238
417
84
44
49
48
46
93
83
42
44
79
40
42
40
42
124
91
77
49
97
78
46
45
78
68
58
78
69
78
78
78
78
78
79
79
79
69
79
88
90
78
77
54
62
77
71
76
46
79
79
79
79
118
101
82
111
53
77
87
82
89
99
101
101
80
73
79
80
78
76
79
79
80
77
44
38
40
41
90
62
42
44
43
42
88
82
80
78
74
78
78
79
79
79
83
130
44
41
83
61
55
79
79
52
59
95
102
91
61
53
36
36
38
40
31
32
44
33
77
41
30
33
33
33
35
33
36
47
53
40
43
33
43
43
37
40
40
40
42
55
70
61
58
73
36
29
36
43
46
35
48
49
33
55
54
33
37
40
40
32
36
36
46
37
49
42
42
42
36
48
40
40
42
36
42
42
36
36
36
32
33
36
33
36
36
32
31
29
29
36
33
31
29
33
33
36
40
33
40
48
38
44
46
61
58
48
40
33
46
46
79
122
125
108
156
158
180
96
101
150
139
116
78
78
78
85
72
57
88
99
108
113
78
114
78
80
110
82
115
123
114
78
133
118
89
129
66
75
127
99
119
79
82
87
72
128
118
153
78
101
102
126
130
96
146
86
97
91
88
91
78
78
84
78
80
78
95
78
78
77
78
100
89
87
84
117
92
88
96
104
75
68
89
118
108
78
89
95
128
112
91
110
124
79
92
79
90
72
77
73
78
93
121
138
97
125
131
84
52
78
78
78
78
78
78
78
74
55
77
78
78
78
78
78
77
77
77
78
47
78
78
78
77
78
79
42
78
78
79
79
78
78
77
77
53
78
78
78
78
48
40
33
48
78
77
78
68
35
53
38
43
85
52
64
53
78
78
78
131
88
78
78
78
54
77
77
45
77
44
256
379
204
315
78
78
77
94
93
101
112
78
78
70
79
267
164
79
81
94
79
79
78
71
43
40
25
58
66
33
57
79
59
35
79
49
25
53
79
79
54
78
79
78
24
26
70
74
72
56
29
43
64
36
48
54
78
77
78
78
74
150
78
128
242
196
89
130
120
470
206
234
166
144
91
131
728
591
351
105
306
231
627
114
207
257
171
60
78
80
58
61
71
93
110
158
166
174
115
124
102
84
90
78
77
114
171
201
255
130
127
208
142
129
149
97
143
246
153
202
78
78
96
118
148
115
87
111
99
133
90
149
76
78
77
78
140
90
78
77
76
77
76
77
124
627
522
329
154
126
280
193
120
101
105
113
84
142
93
96
147
82
86
80
76
77
144
141
66
131
48
77
77
77
103
77
77
77
77
77
90
87
88
50
77
77
77
77
124
92
143
174
77
77
94
78
45
68
47
78
78
78
78
77
77
74
74
75
78
77
78
77
77
77
77
77
77
79
79
79
78
77
78
77
78
77
78
80
78
78
78
78
89
52
56
76
75
77
77
66
102
78
78
78
78
76
77
76
35
36
37
35
44
94
78
78
50
72
48
133
52
47
67
78
77
78
80
79
81
78
84
84
81
87
78
78
78
99
77
113
44
45
120
113
37
66
44
45
46
52
40
43
33
40
38
42
42
36
49
54
49
42
40
42
48
76
211
120
132
422
122
77
77
78
77
77
55
58
49
55
73
46
50
60
54
52
60
54
80
155
110
155
33
49
45
50
65
63
48
126
250
195
254
54
38
35
78
78
78
78
78
60
62
65
78
59
78
78
78
94
37
78
46
48
37
64
66
45
79
41
54
84
55
111
39
52
31
33
46
46
47
47
80
50
80
80
78
74
32
55
84
49
63
52
34
45
78
93
189
85
44
84
89
111
38
49
48
80
77
78
83
78
77
77
77
78
42
77
77
77
78
78
78
95
77
60
57
78
78
68
72
65
65
52
82
127
98
90
109
61
77
96
77
45
54
74
79
87
70
87
79
53
51
77
77
77
118
80
88
77
77
58
42
90
49
47
47
77
77
77
77
77
45
36
88
135
84
104
78
95
95
130
80
99
84
54
44
60
79
79
77
98
83
78
70
79
40
54
73
77
92
77
77
54
104
78
77
78
77
78
109
149
63
99
358
168
153
119
155
99
133
95
95
69
111
97
60
78
77
106
77
78
77
78
77
78
88
126
91
78
78
78
100
78
78
78
78
78
78
78
78
78
78
78
78
78
78
77
84
77
78
77
78
77
77
77
77
77
77
77
84
77
77
77
77
77
77
60
77
77
77
77
77
77
77
77
77
77
78
81
78
79
80
80
80
79
97
111
77
77
78
77
78
78
78
108
131
57
77
77
77
77
77
77
77
77
77
77
77
77
77
77
77
80
92
118
119
194
263
242
202
140
147
239
200
322
93
111
141
113
125
167
117
110
77
77
77
67
77
77
77
77
78
60
78
78
59
93
78
118
49
170
105
142
114
64
78
109
78
103
102
84
82
82
77
54
103
79
137
78
75
107
75
112
147
77
48
167
74
65
76
74
103
21
47
47
78
47
79
78
83
234
80
78
160
79
48
113
109
53
79
108
77
83
76
98
136
38
60
106
132
68
108
132
72
78
54
53
53
78
131
129
80
50
78
80
76
54
75
52
54
79
83
56
75
76
77
76
73
53
73
107
73
72
89
79
73
107
104
103
50
78
110
162
118
83
45
78
145
71
82
197
106
102
84
139
80
83
139
200
52
102
55
107
72
47
49
49
104
54
48
23
48
52
48
72
50
79
107
79
82
76
76
77
50
156
137
109
54
66
83
104
77
92
97
114
134
78
77
78
52
78
78
78
78
78
45
80
95
83
82
72
59
65
77
83
79
138
78
132
186
222
109
47
78
85
50
79
52
78
79
78
52
78
103
125
124
52
49
105
80
133
106
82
76
103
102
71
55
78
78
112
78
53
56
47
74
55
104
95
77
82
54
95
58
40
66
119
53
47
103
72
55
107
107
136
161
101
168
84
80
101
74
77
49
47
77
80
76
77
53
52
80
84
240
58
126
84
79
76
77
107
131
107
52
74
74
54
50
33
109
62
63
71
48
47
73
71
46
71
78
46
54
76
59
78
56
78
48
49
47
58
85
49
42
48
45
78
53
62
147
48
49
72
53
47
49
47
73
49
73
44
46
77
47
50
48
48
48
54
48
48
50
48
50
77
49
47
46
55
75
78
55
48
43
57
77
79
52
42
88
38
46
48
48
72
25
48
48
44
49
44
77
54
47
47
43
46
74
48
52
44
48
49
48
44
77
53
48
50
55
68
44
46
49
42
48
47
46
48
48
48
46
77
49
49
78
48
48
137
46
47
82
83
47
22
46
48
49
44
86
73
59
125
140
107
57
43
42
47
43
39
62
40
50
54
50
56
38
71
74
81
89
72
72
81
89
215
61
112
171
45
54
46
63
44
44
57
142
299
108
79
81
186
135
44
48
48
45
43
150
83
267
180
52
48
43
40
48
57
47
52
54
47
47
54
76
42
54
43
46
57
41
79
41
47
49
46
51
49
61
51
44
47
50
116
80
145
64
54
47
43
44
46
47
50
54
49
42
62
61
76
95
133
84
42
41
76
118
103
102
40
33
36
39
144
95
66
52
78
78
78
78
76
78
67
77
77
78
78
78
44
43
37
40
40
87
44
77
79
80
40
37
40
77
81
43
76
76
76
77
63
76
75
52
65
42
78
77
78
76
78
78
78
78
46
67
51
77
79
78
78
37
36
50
60
42
41
76
41
42
42
42
77
63
42
39
47
79
77
77
77
69
78
79
65
78
79
78
79
78
79
70
41
59
78
60
77
78
78
66
78
78
79
79
41
44
54
77
75
60
24
65
79
79
79
83
77
78
90
77
77
76
77
85
78
77
78
77
82
69
77
101
89
87
77
78
77
83
77
77
62
85
77
77
84
98
86
83
90
101
84
70
71
68
66
66
79
89
76
78
77
77
77
77
78
77
77
110
95
94
99
108
77
77
77
88
77
73
77
78
78
76
80
87
78
84
80
78
78
78
78
78
92
82
77
82
78
86
78
79
78
78
78
78
77
78
78
77
92
77
84
57
78
79
79
70
63
78
168
66
66
72
68
67
78
86
77
78
78
75
79
77
107
90
78
103
77
77
78
78
78
107
108
99
88
79
77
69
78
75
90
75
87
78
78
75
80
86
76
78
78
82
77
79
79
77
77
75
77
76
76
79
77
77
77
79
115
79
80
77
77
79
79
79
79
99
94
75
77
78
105
95
78
107
54
80
76
77
79
73
76
78
68
80
80
80
91
106
79
79
84
79
371
79
79
79
79
81
102
90
80
79
79
79
81
81
76
76
81
81
78
79
96
34
33
44
48
50
23
22
29
34
29
26
33
29
31
28
27
31
24
33
27
29
38
34
33
41
43
30
35
35
32
39
30
31
32
32
30
35
31
33
30
33
30
34
40
43
30
43
29
32
49
52
40
35
49
56
48
31
28
25
23
50
52
79
38
39
37
33
35
31
30
33
36
31
37
47
47
53
49
41
45
41
43
49
35
38
32
34
48
44
44
47
72
50
46
46
44
48
31
34
35
30
33
29
39
36
47
42
47
78
78
78
41
43
36
195
35
33
30
33
33
31
38
32
34
31
32
29
85
79
63
81
93
79
87
79
66
79
79
79
96
79
126
120
134
33
79
79
79
79
80
99
103
117
54
66
31
91
102
88
76
126
49
72
53
60
55
73
111
46
95
132
71
67
46
63
51
75
81
36
57
54
101
80
76
143
79
79
79
79
79
79
78
41
57
51
65
91
47
90
79
69
58
41
49
60
52
43
47
72
79
70
37
79
66
55
62
61
63
55
67
54
59
62
70
68
79
79
79
75
79
79
79
79
79
79
79
79
79
52
79
80
78
79
78
75
44
34
63
47
54
67
47
109
24
49
35
55
51
52
40
40
62
40
43
45
62
43
39
168
74
74
92
70
102
56
37
45
31
50
40
49
49
52
54
53
50
60
52
50
49
58
80
56
64
41
88
48
78
110
32
23
50
54
52
52
74
50
35
33
62
35
56
35
44
56
67
49
90
123
61
69
49
53
42
22
54
73
24
36
31
54
42
72
36
48
46
44
47
44
46
84
40
46
72
78
46
45
49
51
58
52
43
58
52
45
46
45
64
38
36
35
34
47
49
41
54
54
57
47
51
59
67
48
52
48
51
49
71
51
48
48
47
48
108
52
42
44
48
48
48
52
21
50
39
42
92
48
29
83
53
107
45
56
63
66
65
44
36
29
42
47
51
41
54
46
42
44
37
40
39
51
44
42
37
46
33
37
46
40
40
37
46
43
30
43
36
30
39
42
47
60
60
40
38
40
45
41
39
41
35
36
35
50
38
33
36
32
40
32
52
44
44
21
48
23
54
46
48
45
46
63
47
48
49
76
108
60
51
35
38
51
48
50
54
45
42
40
49
37
38
62
74
44
48
50
44
22
41
44
46
44
46
47
47
47
47
48
46
43
74
46
21
44
22
46
48
22
44
47
47
49
58
52
42
64
47
42
40
31
60
44
33
38
46
38
36
56
39
48
51
37
46
48
67
50
37
42
33
34
32
41
43
64
43
43
44
45
44
54
41
46
78
39
93
90
53
54
82
85
65
57
39
57
46
44
48
52
39
53
35
46
46
47
70
39
35
50
58
73
85
65
116
57
59
47
46
42
35
40
38
59
52
39
56
43
23
43
46
49
46
44
52
44
42
30
34
46
36
34
65
48
99
81
51
66
44
56
45
38
47
45
51
57
50
44
68
41
37
78
80
104
84
82
78
75
62
85
58
43
48
41
69
41
102
259
174
275
69
154
345
95
79
77
85
114
77
125
106
80
95
80
64
80
80
155
80
95
69
74
110
437
141
152
131
125
137
209
88
176
282
169
155
226
167
542
375
172
157
196
156
117
184
219
258
184
169
199
229
191
246
214
79
148
109
79
139
109
81
187
184
124
169
194
145
99
84
193
132
138
113
261
329
142
116
239
260
225
67
363
533
205
173
145
160
77
333
151
491
133
178
279
137
159
335
159
73
97
50
257
159
274
249
225
237
177
132
115
169
99
114
154
94
78
114
113
267
108
157
111
213
151
179
157
213
177
139
293
153
121
157
148
154
223
114
198
202
196
210
264
166
107
196
172
248
195
215
147
148
124
336
174
226
56
85
87
83
60
131
146
251
278
140
466
235
275
169
310
226
180
259
179
354
126
289
140
182
292
259
239
183
275
347
95
66
161
196
312
307
207
79
161
135
265
213
301
155
249
97
137
173
235
131
198
361
180
176
167
360
224
616
115
409
378
261
258
286
146
232
176
182
194
130
190
148
225
117
69
133
78
76
82
137
110
78
81
117
80
80
80
109
79
91
80
78
84
78
79
79
79
79
79
85
79
79
104
83
99
91
106
79
80
79
177
79
79
79
78
108
79
50
79
49
77
104
79
78
130
107
112
64
80
80
61
149
50
50
50
50
80
79
94
83
81
79
79
96
83
81
141
111
81
95
78
75
87
137
105
80
165
54
76
80
80
131
80
80
50
83
107
83
54
52
52
79
83
79
81
79
80
92
94
82
100
98
87
81
126
79
79
67
291
188
646
94
90
84
703
171
229
103
117
100
79
108
93
178
111
159
106
117
485
169
138
99
124
102
88
133
426
267
169
216
203
152
148
118
242
327
154
1062
1062
133
127
99
374
121
86
120
170
79
195
168
428
177
174
113
110
220
325
141
243
84
172
132
126
92
124
75
166
239
79
87
102
71
81
81
151
79
79
144
179
103
136
142
33
112
210
190
79
255
391
135
116
80
78
84
81
81
81
70
80
80
79
79
79
80
79
80
79
79
99
79
79
79
80
80
80
78
78
78
81
81
81
81
81
81
79
78
79
80
80
80
78
78
79
79
79
79
79
79
79
79
78
87
87
87
79
78
79
83
83
83
79
79
87
81
81
81
79
78
79
81
81
55
81
81
67
113
83
81
79
42
79
83
105
79
78
79
79
79
79
79
79
79
79
79
79
79
79
79
79
79
79
79
78
78
78
78
78
78
46
46
79
172
79
59
57
72
77
64
85
109
82
89
111
64
100
138
96
51
61
90
61
105
53
69
47
38
47
500
356
273
80
79
79
79
95
95
84
95
79
227
61
22
45
35
50
30
62
62
32
59
30
57
50
56
32
29
27
48
46
44
52
44
48
43
43
53
45
44
46
103
103
81
82
90
99
98
85
90
99
91
85
102
81
89
44
37
45
31
44
44
48
48
44
23
48
42
44
123
44
90
31
40
36
70
45
55
34
82
42
48
48
44
44
42
44
46
33
38
33
31
41
47
59
48
78
78
78
78
52
85
84
79
109
101
79
79
79
79
79
79
87
79
79
79
79
79
79
79
79
157
94
78
84
78
85
78
78
79
78
79
83
79
86
91
87
115
107
69
139
80
79
111
79
79
79
79
79
61
79
99
215
70
84
79
82
79
79
79
79
79
72
117
79
79
99
79
106
79
79
69
121
86
99
79
79
79
84
100
66
99
99
131
81
81
81
81
105
82
98
130
79
79
86
92
95
79
79
108
120
174
153
147
69
101
94
88
46
71
87
101
79
78
79
81
81
81
81
81
81
81
81
81
81
81
81
79
79
79
79
79
79
91
113
89
107
101
111
133
143
228
230
146
153
143
165
79
73
79
105
84
79
79
79
79
79
79
78
78
78
79
79
79
80
79
80
79
80
79
79
78
79
83
77
77
79
80
79
80
80
80
80
80
80
80
80
80
70
79
79
79
79
79
80
79
80
81
81
81
104
86
92
79
79
79
79
79
67
80
80
80
78
79
78
80
80
80
80
115
245
168
124
179
80
61
118
123
78
84
78
78
86
119
79
79
74
79
79
109
79
79
91
135
139
158
152
104
140
143
155
136
79
192
166
92
119
81
81
99
53
67
54
79
79
127
37
79
79
79
79
79
78
79
79
78
79
112
79
78
78
78
79
80
80
93
80
50
80
80
92
80
80
81
80
134
80
81
80
80
80
80
107
145
83
79
73
107
54
79
116
79
79
79
94
106
84
116
79
108
110
110
184
290
197
100
433
339
361
67
110
350
144
216
141
261
93
133
73
111
97
171
95
133
140
160
140
377
314
125
140
79
110
127
132
81
90
100
200
83
335
290
174
110
92
76
155
184
24
62
96
102
151
83
70
192
93
92
66
65
114
106
105
151
226
259
89
52
71
118
97
100
108
82
104
94
96
132
183
376
113
159
153
131
172
147
75
208
181
150
259
292
135
197
306
151
137
138
137
92
78
105
56
157
62
100
155
122
70
86
126
135
208
99
22
33
47
37
68
62
48
41
33
58
49
50
79
47
78
133
112
105
78
49
45
53
157
42
116
88
101
104
87
64
77
53
61
52
86
73
23
49
46
47
48
101
24
50
48
78
48
48
21
21
49
78
125
102
83
78
79
24
49
112
36
38
48
109
71
44
54
126
70
99
87
69
46
76
109
69
69
47
81
51
77
52
76
48
44
47
71
76
46
54
50
71
49
44
78
66
104
139
84
73
48
80
102
49
48
49
50
107
78
21
47
21
49
82
48
24
50
47
52
77
78
54
77
156
84
69
180
105
77
24
288
95
198
72
107
54
48
72
74
76
44
47
50
91
120
70
73
47
82
101
50
47
48
53
53
54
79
53
80
49
54
73
82
47
49
47
49
71
48
73
46
106
71
47
76
74
49
79
103
46
118
98
84
94
73
110
68
74
59
52
43
44
74
72
50
86
87
23
50
49
77
54
46
50
78
23
48
24
47
47
24
47
44
78
79
50
48
68
83
107
113
177
99
98
54
108
84
137
89
42
64
80
78
78
78
79
78
78
78
79
53
79
70
79
85
130
142
76
79
41
79
80
80
83
80
80
79
79
79
81
81
66
81
79
79
79
79
79
79
79
79
87
79
79
79
79
80
78
78
78
78
78
78
59
78
78
78
78
77
81
61
113
79
79
79
79
79
79
79
67
79
82
79
79
79
79
81
81
82
81
78
78
78
78
78
78
78
78
79
79
42
79
54
79
79
101
79
108
79
79
79
79
78
79
79
52
78
79
79
80
79
78
78
78
78
79
79
78
78
79
80
79
79
79
79
79
79
79
79
79
79
79
79
79
79
69
59
71
79
79
79
79
79
79
71
79
98
79
68
78
79
79
79
79
47
78
78
78
78
78
78
78
78
78
42
80
80
80
79
95
57
95
76
85
88
90
91
88
88
114
105
52
55
79
53
79
79
43
79
79
79
61
79
79
140
80
94
80
125
80
230
63
81
55
97
65
67
81
65
81
57
55
75
81
69
65
98
77
97
104
114
143
88
147
101
83
153
159
84
107
80
73
57
79
80
110
110
124
94
110
90
110
83
113
105
81
105
81
89
81
95
95
81
79
55
81
79
81
95
79
79
68
79
80
81
50
74
107
81
76
80
69
103
78
74
65
125
75
77
75
94
80
74
76
73
66
43
81
81
81
111
97
81
81
81
233
263
293
331
81
80
81
81
80
186
484
471
79
79
79
79
67
66
79
79
79
64
95
89
79
79
106
124
109
79
79
79
79
79
79
79
303
349
324
349
289
349
219
291
277
295
200
52
35
29
48
29
108
33
58
36
320
366
289
240
307
333
206
290
312
199
191
313
139
280
455
263
368
307
296
394
201
313
191
216
391
198
58
41
44
105
120
147
108
113
125
349
234
100
79
124
91
127
125
46
39
47
227
305
334
241
200
209
237
230
263
260
144
73
38
54
40
82
111
85
118
220
138
123
81
77
86
98
176
166
130
89
98
79
69
79
79
98
287
112
154
238
284
174
202
91
97
98
110
73
86
110
77
91
63
87
85
45
88
48
38
31
55
80
80
80
38
36
44
48
75
163
139
47
33
366
403
141
71
112
65
79
97
59
83
86
100
79
85
83
65
93
125
91
81
49
46
58
37
53
65
37
75
48
64
46
46
80
95
80
57
79
54
48
33
78
103
74
79
78
75
105
78
79
48
49
72
110
78
77
75
49
85
98
63
127
84
124
155
132
91
52
58
79
78
78
112
78
79
54
47
65
78
78
80
138
191
81
105
82
168
111
126
121
92
110
54
82
47
101
46
49
202
54
132
79
48
50
103
48
81
79
50
50
73
24
47
72
77
105
79
136
139
79
53
107
78
52
23
79
72
84
66
101
105
75
101
84
102
137
79
75
74
73
77
103
107
78
74
79
54
79
48
71
48
72
78
102
46
78
76
74
107
76
76
50
76
53
78
80
78
108
105
77
77
78
52
53
82
78
55
54
49
49
72
138
78
98
108
102
105
101
110
79
79
79
79
67
79
79
79
79
57
79
138
83
79
79
79
105
100
102
79
79
79
189
130
93
99
109
127
110
141
79
79
79
166
162
79
79
79
76
83
78
79
79
79
78
78
78
94
131
93
129
121
113
79
79
81
128
117
119
113
97
104
105
112
79
79
79
120
97
101
94
96
79
79
79
79
79
79
79
79
79
79
94
89
94
92
109
104
79
84
83
87
91
82
79
79
79
82
109
104
114
66
73
79
60
79
79
60
36
120
99
185
69
90
54
75
80
83
80
80
79
75
77
79
44
79
61
70
79
79
47
48
76
67
36
79
79
128
79
80
79
79
79
70
80
80
100
59
79
87
79
79
66
82
70
78
110
79
78
61
56
64
53
66
52
66
54
58
58
53
70
52
48
60
70
54
69
35
67
49
49
64
42
47
56
68
53
60
48
62
69
45
34
64
55
96
65
53
45
46
143
83
236
284
59
186
66
80
60
80
77
80
74
115
169
155
143
101
107
108
89
80
70
123
111
95
74
137
140
155
287
247
229
158
245
199
156
169
119
70
89
119
191
260
129
125
148
117
57
50
115
64
70
147
216
226
192
234
44
122
125
78
267
169
226
104
149
104
61
80
133
203
89
44
53
164
182
158
173
278
248
354
220
278
194
124
229
224
443
313
190
122
76
130
109
90
100
134
125
161
163
92
76
78
235
374
231
64
181
162
79
79
79
36
79
80
80
80
80
80
80
80
80
80
80
78
76
77
77
77
78
71
81
81
32
32
39
34
41
34
36
34
37
78
90
78
78
78
79
40
97
82
77
77
77
34
41
36
33
32
80
80
80
79
86
79
77
35
67
37
38
64
79
79
65
86
99
79
79
79
46
18
48
87
91
87
79
79
79
86
86
86
86
86
86
36
38
42
32
38
40
81
81
81
70
95
121
35
42
87
79
79
79
81
81
79
79
78
94
80
80
102
90
102
54
79
79
79
46
101
78
79
79
72
79
79
80
80
80
91
101
80
79
79
79
73
79
79
40
37
47
44
31
49
48
49
79
49
74
78
80
78
49
84
79
75
53
74
48
44
49
88
55
64
85
86
84
46
102
132
80
60
52
48
46
46
78
84
62
78
47
47
78
78
78
78
91
67
82
78
78
77
74
173
47
77
46
49
233
62
77
106
100
111
59
90
65
78
49
102
71
51
72
52
47
53
73
55
47
137
77
53
80
73
100
50
83
74
108
75
75
78
78
76
77
54
47
73
283
76
78
53
77
102
72
66
101
83
48
126
113
52
78
46
79
130
48
71
78
54
83
85
103
108
53
78
75
78
53
47
46
49
142
54
50
52
48
48
47
47
49
48
140
73
82
50
48
79
24
79
52
49
73
50
65
140
50
94
132
121
208
307
225
217
149
114
157
106
136
138
123
268
337
213
146
132
230
250
74
45
194
149
82
107
42
52
58
59
44
64
44
77
69
39
58
74
50
36
69
84
44
52
64
53
169
136
60
65
54
102
110
59
54
59
62
42
68
66
93
59
65
60
33
49
45
62
80
83
58
64
45
36
37
48
40
59
50
36
43
53
41
132
139
83
97
102
112
381
106
185
122
118
150
122
142
154
122
159
128
137
125
142
194
80
112
139
97
118
130
110
115
122
137
125
160
113
77
140
115
140
148
94
107
101
107
115
346
91
159
305
119
90
84
104
80
52
284
99
86
106
54
45
42
40
46
53
86
106
75
73
49
42
54
54
78
78
78
58
82
62
95
45
51
37
34
54
271
91
83
68
66
67
65
50
50
65
55
52
48
54
39
79
79
79
79
192
107
79
347
119
79
79
79
79
79
79
79
61
78
94
59
80
80
80
80
80
80
79
79
79
79
57
47
61
41
41
49
40
42
45
109
74
89
98
90
58
156
56
48
56
63
58
48
25
55
78
79
79
79
79
79
80
65
79
79
110
127
233
209
79
79
79
79
78
105
57
110
116
101
106
111
127
85
73
114
105
59
89
85
30
48
327
184
48
58
38
42
44
42
58
48
57
47
50
61
40
42
97
86
92
272
77
67
108
132
292
205
258
191
94
327
148
92
91
99
122
86
67
37
109
71
76
64
74
86
50
83
64
74
40
56
158
34
67
42
48
41
67
46
75
46
37
41
51
50
45
66
55
51
39
266
185
132
342
307
103
67
71
134
74
91
177
212
145
198
256
106
148
185
68
158
134
60
54
59
49
45
39
205
152
261
295
205
111
168
168
154
107
51
59
59
42
86
225
65
63
98
76
84
107
74
230
116
119
170
107
99
163
104
167
95
126
122
142
114
72
58
96
166
62
95
91
174
81
168
121
78
186
264
40
204
846
142
447
240
118
205
126
129
141
92
84
177
130
166
78
101
219
143
102
99
149
240
131
101
135
261
210
341
119
137
201
108
93
95
113
161
129
114
155
215
162
96
84
90
72
167
183
77
105
120
159
186
150
132
243
294
105
191
108
318
63
161
124
48
169
214
66
99
126
96
129
147
191
111
121
190
105
110
113
155
113
100
183
92
122
94
120
152
136
162
31
110
125
170
79
73
79
95
80
95
79
80
80
79
54
71
100
118
741
696
80
95
80
110
80
110
155
140
125
140
95
110
110
97
80
110
95
95
95
80
139
53
73
75
55
36
89
74
127
34
31
30
32
32
58
98
110
47
36
80
125
200
408
158
48
110
94
90
45
79
79
79
79
94
47
78
53
63
62
155
47
119
29
107
133
116
224
53
52
44
54
100
31
77
128
201
188
118
139
154
154
131
41
92
79
80
78
78
78
110
78
79
46
47
47
78
47
78
102
79
63
62
56
52
62
47
104
103
79
69
91
54
50
79
65
69
77
77
63
94
76
62
42
45
63
77
77
122
74
74
52
76
78
73
73
53
78
54
77
51
104
76
74
79
47
49
46
52
46
47
102
60
55
80
66
50
50
76
79
52
48
50
48
49
49
46
49
46
46
54
227
47
48
49
74
78
75
53
75
75
77
103
53
77
56
73
76
50
78
75
77
47
77
47
48
50
74
43
84
22
35
52
39
75
56
74
108
50
75
110
48
46
52
43
44
83
84
107
74
102
54
108
104
47
46
47
46
44
46
47
75
107
53
49
77
53
79
46
54
107
49
134
48
112
73
52
54
49
106
72
75
136
53
82
76
78
49
43
48
54
55
53
54
44
52
56
54
32
76
55
40
62
79
41
83
70
67
91
73
76
95
91
31
35
48
52
47
73
61
70
54
53
168
54
83
49
94
58
61
41
54
76
52
48
77
82
61
115
68
50
78
77
75
77
78
82
53
52
106
52
53
83
92
140
44
58
66
49
114
74
48
80
84
70
50
218
37
78
47
57
106
70
79
62
78
138
78
53
48
72
48
77
71
82
53
53
74
232
86
95
82
126
68
66
62
45
78
86
80
78
78
164
83
71
105
78
107
49
83
49
104
78
74
198
70
55
75
75
103
112
77
110
53
135
110
166
136
49
109
82
80
75
110
79
55
64
123
126
85
167
170
169
129
96
102
109
146
140
53
101
259
101
73
84
104
79
137
106
78
78
71
78
82
50
72
82
78
78
78
136
105
78
164
54
85
79
107
198
62
78
163
78
133
78
166
132
104
78
78
78
79
105
78
80
82
50
54
80
56
70
257
80
78
106
79
78
108
79
74
107
104
77
75
102
103
74
54
74
53
78
125
142
107
90
126
155
81
203
85
169
154
77
72
53
72
75
71
53
48
53
52
79
74
78
78
76
77
78
112
77
80
48
84
74
108
80
103
76
167
103
103
50
134
514
136
79
46
48
52
77
77
72
73
82
107
44
46
48
72
53
78
52
166
49
73
48
80
109
54
53
77
78
77
77
77
109
78
75
79
50
53
53
75
109
78
77
317
223
134
202
80
82
108
74
104
73
52
113
72
80
82
53
100
76
76
52
52
76
101
47
79
53
139
47
52
76
77
76
76
84
74
83
255
59
138
66
339
162
81
87
221
240
231
165
72
69
105
135
102
219
119
287
532
102
130
54
74
52
79
134
74
80
77
185
133
121
79
167
80
101
101
77
50
77
78
107
79
77
108
79
163
77
110
103
203
77
77
78
74
109
74
73
52
52
104
53
53
52
75
140
132
104
79
52
53
53
50
104
74
73
83
104
104
79
76
53
50
52
48
48
77
47
113
47
53
53
46
50
73
49
48
47
55
103
76
52
50
48
54
48
72
72
49
76
131
52
48
76
52
74
47
53
48
104
74
83
102
132
104
77
116
108
77
85
52
74
167
74
108
106
50
78
102
80
103
77
163
84
103
83
106
77
76
76
77
78
78
52
75
53
52
103
78
52
52
106
80
53
79
56
191
89
103
246
125
89
207
71
179
154
88
122
119
88
173
79
77
140
105
105
52
79
78
79
54
224
80
105
75
138
165
166
78
71
140
49
49
77
105
166
76
103
109
222
50
84
76
50
48
47
100
108
76
47
107
95
55
170
74
210
82
138
66
85
85
160
90
54
80
169
134
138
86
107
86
116
86
204
138
102
110
274
190
112
79
104
77
104
77
82
48
52
50
53
48
79
104
110
50
54
50
70
53
84
71
56
60
53
78
138
205
84
79
98
79
79
96
203
103
127
66
78
44
77
49
85
79
78
113
105
52
52
82
101
49
86
68
86
76
76
46
77
78
49
49
44
48
83
50
80
80
85
148
186
80
131
104
79
73
94
54
48
50
48
79
105
201
84
72
79
47
49
76
52
23
74
79
79
96
86
48
72
47
74
48
95
53
90
79
42
144
194
170
137
