18669 8452 2137
5042 2213 506
2771 1330 61
6746 3136 887
5786 2255 2049
11188 4799 940
5542 2299 848
4976 2051 2155
5238 2423 193
6329 3508 4132
5908 2697 5609
6147 2480 607
3774 1849 2057
4702 2458 1254
4584 2011 437
5717 2369 398
6056 2392 1021
2593 1133 1279
5351 2112 1285
3809 1529 2742
3143 1462 1345
3559 1602 1559
11959 5160 609
14707 5118 5205
6008 2746 550
13362 4147 1125
5572 2396 326
5013 1911 1997
6426 2546 1363
6261 2511 302
6564 2998 252
10002 4727 2242
4435 2149 9456
5454 2413 4833
5987 2752 2502
11219 6760 2448
6115 3265 452
5554 2586 3496
6519 2890 426
4688 2383 127
10314 4731 1246
5056 2030 2828
4971 2435 3853
9811 2572 3371
5258 2775 2100
6883 3832 2727
10831 3724 3122
7886 2895 190
4266 2219 9657
6586 2663 42608
6050 1988 416
